CustomerID,Tenure_Months
12346.0,2
12347.0,60
12348.0,23
12350.0,17
12356.0,36
12359.0,16
12370.0,91
12373.0,14
12377.0,77
12383.0,69
12386.0,10
12388.0,19
12393.0,22
12395.0,32
12402.0,11
12410.0,26
12413.0,26
12414.0,7
12415.0,47
12417.0,30
12421.0,11
12422.0,13
12423.0,16
12427.0,13
12429.0,20
12431.0,44
12433.0,147
12434.0,3
12437.0,18
12441.0,11
12451.0,101
12464.0,6
12468.0,12
12471.0,128
12472.0,126
12474.0,36
12476.0,27
12477.0,2
12480.0,42
12481.0,46
12483.0,14
12484.0,98
12489.0,15
12490.0,43
12494.0,7
12500.0,5
12501.0,160
12502.0,31
12503.0,1
12510.0,29
12515.0,16
12523.0,7
12524.0,16
12527.0,10
12528.0,31
12530.0,13
12539.0,187
12540.0,64
12551.0,10
12553.0,39
12557.0,9
12559.0,22
12567.0,146
12574.0,11
12577.0,67
12578.0,76
12583.0,42
12585.0,74
12586.0,1
12591.0,26
12594.0,12
12600.0,15
12601.0,9
12605.0,3
12609.0,16
12621.0,33
12625.0,58
12626.0,67
12637.0,75
12643.0,2
12645.0,16
12647.0,53
12649.0,2
12651.0,9
12652.0,51
12662.0,34
12664.0,5
12665.0,4
12666.0,2
12668.0,74
12672.0,10
12673.0,23
12676.0,12
12678.0,5
12681.0,223
12682.0,127
12683.0,77
12686.0,7
12691.0,15
12693.0,9
12705.0,30
12708.0,33
12709.0,33
12712.0,47
12720.0,65
12721.0,18
12724.0,11
12725.0,24
12726.0,25
12727.0,12
12728.0,13
12731.0,62
12734.0,4
12735.0,43
12736.0,4
12738.0,11
12744.0,56
12747.0,20
12748.0,695
12753.0,52
12754.0,37
12755.0,1
12763.0,16
12764.0,45
12766.0,88
12775.0,13
12778.0,9
12779.0,42
12782.0,56
12785.0,14
12791.0,2
12793.0,24
12797.0,17
12808.0,7
12820.0,11
12826.0,49
12829.0,12
12836.0,39
12838.0,59
12839.0,37
12841.0,110
12842.0,14
12853.0,23
12854.0,36
12855.0,3
12865.0,1
12867.0,58
12868.0,46
12870.0,2
12872.0,66
12875.0,1
12877.0,17
12908.0,2
12913.0,4
12915.0,13
12916.0,40
12921.0,59
12924.0,2
12928.0,17
12929.0,8
12931.0,2
12935.0,27
12939.0,6
12942.0,16
12944.0,14
12947.0,36
12951.0,20
12956.0,19
12957.0,31
12963.0,16
12967.0,19
12970.0,8
12971.0,47
12980.0,6
12989.0,2
12990.0,3
12997.0,18
13000.0,11
13001.0,36
13002.0,7
13004.0,72
13008.0,15
13011.0,3
13013.0,67
13021.0,8
13027.0,6
13029.0,1
13030.0,60
13033.0,11
13034.0,11
13047.0,44
13048.0,40
13049.0,7
13050.0,103
13064.0,9
13065.0,14
13068.0,1
13069.0,138
13077.0,14
13078.0,54
13081.0,261
13082.0,7
13089.0,366
13090.0,13
13092.0,7
13093.0,143
13094.0,5
13097.0,52
13098.0,21
13102.0,93
13104.0,1
13107.0,23
13108.0,10
13110.0,20
13113.0,62
13115.0,2
13117.0,34
13124.0,61
13126.0,32
13136.0,3
13137.0,48
13138.0,14
13140.0,16
13141.0,32
13144.0,3
13145.0,1
13148.0,130
13155.0,63
13158.0,19
13161.0,8
13162.0,40
13165.0,13
13168.0,76
13173.0,23
13174.0,242
13178.0,32
13183.0,20
13187.0,37
13198.0,77
13199.0,16
13208.0,26
13209.0,21
13211.0,2
13221.0,35
13225.0,12
13230.0,85
13233.0,17
13238.0,5
13240.0,21
13246.0,40
13253.0,16
13255.0,6
13263.0,39
13266.0,1
13267.0,46
13269.0,28
13270.0,1
13280.0,78
13284.0,14
13295.0,11
13304.0,21
13305.0,5
13309.0,34
13310.0,29
13313.0,17
13317.0,14
13319.0,98
13324.0,10
13327.0,21
13328.0,17
13329.0,9
13330.0,13
13368.0,1
13369.0,19
13370.0,44
13385.0,35
13394.0,16
13396.0,16
13397.0,8
13402.0,17
13405.0,6
13408.0,78
13418.0,49
13426.0,32
13448.0,36
13451.0,48
13455.0,36
13458.0,87
13468.0,79
13473.0,13
13481.0,1
13487.0,11
13488.0,149
13491.0,42
13494.0,18
13495.0,26
13496.0,27
13497.0,10
13502.0,4
13506.0,29
13520.0,31
13523.0,30
13527.0,5
13531.0,15
13534.0,52
13538.0,3
13539.0,11
13551.0,4
13552.0,8
13564.0,82
13565.0,13
13569.0,24
13576.0,34
13579.0,9
13581.0,10
13584.0,24
13593.0,39
13599.0,30
13600.0,19
13606.0,3
13611.0,15
13614.0,9
13615.0,24
13627.0,20
13629.0,8
13634.0,38
13649.0,15
13652.0,18
13656.0,31
13659.0,62
13668.0,61
13672.0,6
13680.0,91
13693.0,4
13694.0,104
13700.0,26
13703.0,1
13705.0,10
13707.0,32
13709.0,31
13715.0,100
13725.0,41
13728.0,9
13742.0,96
13747.0,1
13748.0,1
13750.0,1
13754.0,8
13756.0,16
13758.0,33
13764.0,69
13767.0,73
13769.0,32
13777.0,67
13782.0,36
13784.0,6
13786.0,7
13787.0,7
13798.0,123
13800.0,33
13802.0,22
13807.0,7
13815.0,53
13817.0,9
13819.0,24
13824.0,11
13829.0,1
13831.0,2
13837.0,9
13838.0,52
13842.0,55
13846.0,28
13848.0,1
13854.0,33
13859.0,28
13862.0,29
13869.0,71
13871.0,23
13873.0,7
13874.0,18
13880.0,6
13881.0,13
13883.0,1
13890.0,12
13894.0,10
13898.0,12
13901.0,11
13911.0,25
13922.0,7
13929.0,3
13939.0,13
13941.0,12
13948.0,3
13953.0,1
13958.0,5
13959.0,16
13963.0,35
13969.0,44
13982.0,52
13983.0,50
13984.0,9
13993.0,18
13999.0,32
14001.0,9
14006.0,7
14016.0,39
14030.0,27
14031.0,51
14032.0,32
14037.0,26
14040.0,67
14044.0,55
14045.0,5
14047.0,15
14049.0,115
14051.0,41
14057.0,48
14060.0,40
14062.0,44
14068.0,24
14078.0,13
14081.0,69
14082.0,29
14083.0,95
14085.0,171
14088.0,93
14090.0,1
14092.0,61
14099.0,59
14101.0,3
14107.0,17
14113.0,7
14114.0,11
14119.0,1
14127.0,20
14130.0,67
14133.0,17
14135.0,70
14142.0,22
14146.0,70
14150.0,12
14156.0,86
14159.0,51
14161.0,26
14167.0,18
14175.0,21
14176.0,14
14180.0,88
14185.0,3
14188.0,12
14189.0,47
14194.0,30
14201.0,4
14205.0,14
14206.0,1
14209.0,16
14210.0,37
14213.0,5
14215.0,52
14217.0,22
14220.0,11
14221.0,18
14224.0,40
14229.0,23
14233.0,15
14236.0,3
14237.0,9
14238.0,8
14239.0,9
14242.0,8
14243.0,40
14248.0,8
14256.0,32
14257.0,39
14258.0,31
14264.0,2
14270.0,29
14282.0,13
14290.0,25
14292.0,3
14293.0,15
14295.0,2
14298.0,241
14299.0,34
14307.0,79
14309.0,22
14312.0,23
14320.0,34
14321.0,29
14329.0,76
14334.0,42
14341.0,24
14344.0,14
14355.0,11
14368.0,8
14373.0,4
14388.0,23
14389.0,6
14390.0,28
14395.0,63
14396.0,34
14401.0,20
14404.0,46
14409.0,14
14410.0,8
14411.0,14
14413.0,23
14414.0,8
14415.0,117
14419.0,21
14426.0,47
14428.0,24
14437.0,5
14438.0,9
14439.0,32
14440.0,31
14441.0,2
14442.0,32
14443.0,42
14448.0,18
14449.0,50
14450.0,11
14457.0,4
14460.0,2
14462.0,59
14466.0,17
14467.0,15
14472.0,70
14479.0,10
14487.0,14
14491.0,4
14496.0,19
14497.0,29
14498.0,14
14501.0,4
14502.0,45
14505.0,183
14506.0,50
14514.0,26
14524.0,26
14525.0,27
14527.0,199
14532.0,23
14533.0,10
14534.0,29
14540.0,11
14541.0,75
14543.0,11
14544.0,57
14548.0,2
14549.0,56
14553.0,23
14560.0,22
14565.0,54
14572.0,58
14573.0,76
14576.0,1
14577.0,38
14587.0,118
14589.0,3
14594.0,31
14595.0,5
14600.0,2
14606.0,575
14608.0,1
14616.0,1
14618.0,6
14621.0,16
14625.0,36
14627.0,5
14639.0,42
14643.0,18
14646.0,290
14653.0,29
14657.0,62
14659.0,50
14662.0,24
14665.0,26
14667.0,168
14669.0,110
14672.0,34
14673.0,15
14679.0,1
14680.0,89
14684.0,44
14688.0,58
14692.0,28
14696.0,35
14701.0,57
14702.0,91
14708.0,13
14709.0,37
14713.0,80
14715.0,13
14723.0,90
14729.0,71
14732.0,10
14733.0,134
14735.0,33
14737.0,8
14738.0,11
14739.0,18
14741.0,19
14744.0,14
14748.0,35
14755.0,27
14761.0,7
14766.0,8
14769.0,59
14770.0,17
14775.0,20
14776.0,22
14777.0,2
14778.0,18
14779.0,35
14782.0,6
14784.0,4
14794.0,9
14796.0,143
14798.0,6
14800.0,146
14805.0,19
14810.0,55
14813.0,30
14821.0,2
14825.0,18
14828.0,5
14829.0,29
14841.0,19
14842.0,2
14849.0,52
14850.0,22
14865.0,3
14866.0,1
14867.0,16
14871.0,25
14878.0,13
14889.0,10
14895.0,3
14896.0,32
14898.0,12
14901.0,40
14907.0,48
14911.0,523
14913.0,17
14916.0,15
14932.0,17
14944.0,1
14952.0,10
14961.0,41
14970.0,5
14976.0,16
14978.0,74
14985.0,50
14987.0,2
15002.0,56
15005.0,146
15012.0,54
15018.0,5
15021.0,57
15023.0,105
15024.0,48
15028.0,14
15032.0,30
15033.0,64
15034.0,82
15038.0,35
15039.0,315
15044.0,134
15046.0,49
15048.0,23
15052.0,30
15057.0,22
15058.0,61
15059.0,30
15061.0,170
15062.0,11
15070.0,1
15078.0,56
15079.0,27
15081.0,8
15090.0,23
15093.0,39
15100.0,6
15101.0,5
15107.0,20
15110.0,9
15111.0,16
15139.0,8
15144.0,19
15157.0,56
15159.0,80
15160.0,4
15164.0,16
15165.0,27
15167.0,41
15171.0,7
15174.0,11
15179.0,45
15180.0,6
15181.0,2
15189.0,10
15192.0,15
15194.0,114
15197.0,4
15199.0,3
15203.0,20
15204.0,9
15208.0,3
15211.0,23
15213.0,25
15215.0,2
15218.0,28
15221.0,11
15222.0,5
15224.0,16
15226.0,8
15227.0,16
15235.0,88
15240.0,17
15246.0,12
15260.0,17
15262.0,10
15266.0,6
15270.0,18
15271.0,40
15279.0,21
15281.0,55
15288.0,26
15290.0,19
15291.0,35
15296.0,61
15298.0,39
15299.0,3
15301.0,34
15304.0,5
15311.0,587
15312.0,17
15316.0,1
15326.0,29
15329.0,3
15332.0,35
15339.0,41
15346.0,17
15347.0,5
15350.0,5
15351.0,53
15353.0,12
15356.0,115
15358.0,122
15361.0,7
15363.0,16
15365.0,12
15366.0,8
15370.0,8
15373.0,24
15379.0,138
15380.0,1
15384.0,22
15392.0,20
15394.0,24
15395.0,7
15415.0,48
15421.0,16
15422.0,6
15426.0,87
15443.0,51
15447.0,9
15448.0,28
15454.0,25
15456.0,26
15460.0,58
15464.0,157
15465.0,21
15468.0,1
15482.0,8
15485.0,43
15497.0,11
15498.0,163
15502.0,40
15503.0,70
15510.0,1
15512.0,6
15513.0,46
15514.0,113
15518.0,67
15525.0,57
15527.0,27
15529.0,76
15532.0,50
15535.0,41
15544.0,26
15545.0,31
15547.0,90
15549.0,62
15555.0,96
15562.0,1
15563.0,22
15569.0,7
15570.0,144
15574.0,159
15579.0,26
15581.0,49
15587.0,3
15589.0,12
15596.0,43
15601.0,157
15602.0,17
15605.0,12
15606.0,10
15607.0,13
15611.0,3
15615.0,50
15620.0,31
15626.0,20
15628.0,19
15640.0,115
15641.0,20
15646.0,17
15649.0,2
15658.0,28
15660.0,10
15661.0,5
15664.0,2
15673.0,53
15680.0,30
15687.0,45
15689.0,6
15694.0,24
15696.0,48
15708.0,96
15713.0,10
15716.0,38
15719.0,175
15723.0,41
15727.0,99
15732.0,5
15738.0,37
15749.0,5
15750.0,21
15752.0,14
15759.0,4
15769.0,12
15777.0,8
15780.0,12
15781.0,5
15789.0,25
15797.0,1
15799.0,22
15805.0,11
15808.0,210
15811.0,23
15812.0,2
15820.0,17
15822.0,16
15823.0,17
15827.0,29
15831.0,18
15834.0,2
15835.0,15
15838.0,6
15841.0,7
15845.0,13
15854.0,25
15856.0,54
15858.0,44
15860.0,15
15862.0,64
15864.0,9
15867.0,138
15880.0,106
15881.0,32
15882.0,17
15885.0,1
15889.0,66
15894.0,38
15898.0,64
15899.0,4
15910.0,42
15916.0,48
15919.0,49
15922.0,12
15923.0,21
15938.0,5
15939.0,18
15940.0,2
15945.0,2
15950.0,29
15953.0,27
15955.0,20
15965.0,16
15967.0,35
15971.0,4
15973.0,5
15981.0,4
15983.0,81
15984.0,17
15987.0,9
15996.0,32
15998.0,118
16003.0,20
16010.0,24
16011.0,50
16013.0,12
16016.0,70
16019.0,27
16029.0,52
16030.0,29
16033.0,141
16034.0,9
16037.0,15
16042.0,6
16043.0,17
16048.0,8
16059.0,49
16062.0,7
16065.0,74
16081.0,22
16083.0,17
16085.0,28
16086.0,8
16094.0,2
16098.0,12
16109.0,3
16110.0,115
16112.0,10
16122.0,19
16124.0,16
16125.0,13
16133.0,13
16134.0,19
16138.0,1
16140.0,7
16143.0,28
16145.0,38
16150.0,26
16153.0,10
16156.0,18
16161.0,124
16163.0,5
16168.0,8
16186.0,20
16191.0,36
16202.0,18
16203.0,12
16206.0,25
16210.0,42
16218.0,28
16221.0,12
16222.0,137
16233.0,12
16235.0,9
16241.0,71
16244.0,63
16250.0,14
16252.0,21
16255.0,60
16262.0,3
16265.0,38
16270.0,54
16271.0,16
16274.0,67
16279.0,2
16282.0,11
16293.0,16
16303.0,35
16306.0,15
16315.0,14
16316.0,21
16321.0,4
16326.0,43
16327.0,101
16333.0,2
16350.0,25
16351.0,8
16353.0,13
16359.0,5
16365.0,7
16367.0,37
16378.0,10
16385.0,21
16387.0,4
16393.0,22
16395.0,60
16401.0,14
16402.0,57
16403.0,10
16405.0,3
16407.0,20
16409.0,48
16411.0,21
16419.0,17
16422.0,54
16424.0,1
16442.0,46
16455.0,30
16456.0,62
16458.0,10
16470.0,40
16473.0,8
16477.0,59
16493.0,6
16496.0,41
16497.0,27
16499.0,22
16500.0,1
16503.0,53
16510.0,13
16515.0,31
16519.0,5
16520.0,60
16523.0,26
16525.0,39
16531.0,14
16532.0,1
16539.0,30
16546.0,12
16549.0,33
16550.0,51
16551.0,11
16552.0,5
16553.0,18
16554.0,2
16556.0,16
16558.0,64
16560.0,21
16565.0,3
16567.0,26
16570.0,18
16579.0,1
16583.0,14
16593.0,1
16596.0,6
16600.0,9
16607.0,9
16612.0,18
16618.0,35
16634.0,8
16638.0,12
16654.0,9
16655.0,39
16656.0,11
16658.0,8
16660.0,4
16665.0,9
16670.0,52
16676.0,29
16679.0,3
16684.0,57
16686.0,87
16700.0,52
16701.0,20
16705.0,60
16710.0,75
16711.0,1
16713.0,106
16714.0,93
16716.0,1
16717.0,18
16718.0,45
16719.0,60
16722.0,42
16725.0,133
16726.0,20
16727.0,46
16730.0,14
16735.0,47
16743.0,30
16745.0,58
16746.0,47
16748.0,19
16752.0,9
16754.0,2
16755.0,16
16757.0,7
16767.0,50
16770.0,67
16771.0,105
16775.0,30
16779.0,75
16781.0,19
16782.0,119
16791.0,53
16795.0,66
16805.0,55
16810.0,1
16812.0,15
16814.0,92
16816.0,20
16817.0,19
16833.0,18
16835.0,5
16839.0,26
16843.0,19
16850.0,19
16858.0,13
16861.0,2
16863.0,10
16873.0,70
16875.0,28
16882.0,1
16883.0,17
16885.0,30
16889.0,48
16891.0,69
16892.0,1
16893.0,45
16897.0,30
16898.0,33
16899.0,16
16904.0,76
16905.0,10
16907.0,34
16912.0,13
16916.0,50
16918.0,31
16919.0,65
16923.0,125
16926.0,14
16927.0,2
16928.0,11
16931.0,129
16938.0,14
16943.0,21
16945.0,19
16948.0,5
16949.0,5
16950.0,3
16954.0,12
16955.0,16
16983.0,23
16985.0,33
16992.0,2
16995.0,1
16996.0,6
16997.0,8
17001.0,32
17007.0,13
17017.0,75
17018.0,6
17019.0,90
17025.0,5
17026.0,3
17027.0,43
17033.0,8
17035.0,18
17041.0,18
17044.0,3
17048.0,16
17059.0,117
17062.0,71
17064.0,23
17068.0,69
17069.0,30
17071.0,17
17075.0,18
17076.0,7
17082.0,24
17085.0,86
17090.0,2
17091.0,53
17094.0,15
17095.0,17
17097.0,63
17105.0,38
17114.0,29
17118.0,10
17126.0,63
17128.0,14
17135.0,9
17146.0,16
17147.0,18
17158.0,25
17179.0,20
17180.0,55
17181.0,2
17188.0,37
17189.0,38
17191.0,72
17194.0,28
17198.0,77
17204.0,3
17211.0,75
17213.0,53
17214.0,27
17218.0,119
17220.0,69
17223.0,49
17226.0,21
17227.0,10
17228.0,48
17230.0,60
17231.0,85
17235.0,10
17236.0,33
17238.0,86
17239.0,16
17243.0,64
17251.0,39
17256.0,12
17259.0,87
17262.0,2
17277.0,52
17284.0,131
17287.0,22
17288.0,12
17291.0,1
17293.0,25
17303.0,53
17306.0,9
17307.0,1
17311.0,24
17314.0,26
17315.0,85
17320.0,22
17324.0,17
17329.0,16
17334.0,10
17337.0,260
17338.0,122
17339.0,4
17340.0,137
17341.0,161
17343.0,17
17346.0,47
17356.0,19
17358.0,42
17362.0,12
17364.0,52
17365.0,79
17368.0,42
17371.0,8
17372.0,95
17373.0,17
17375.0,43
17376.0,13
17377.0,45
17381.0,19
17389.0,17
17392.0,62
17396.0,3
17400.0,37
17402.0,27
17404.0,48
17406.0,116
17411.0,2
17412.0,21
17418.0,12
17419.0,37
17420.0,7
17428.0,50
17430.0,5
17431.0,43
17442.0,1
17446.0,5
17449.0,73
17450.0,74
17454.0,9
17456.0,17
17457.0,8
17460.0,8
17463.0,94
17470.0,11
17491.0,13
17496.0,10
17504.0,27
17507.0,45
17511.0,213
17515.0,31
17517.0,11
17519.0,19
17524.0,6
17525.0,9
17526.0,7
17530.0,65
17540.0,8
17547.0,2
17548.0,7
17551.0,43
17552.0,13
17555.0,49
17560.0,4
17567.0,27
17569.0,29
17572.0,4
17576.0,44
17580.0,44
17581.0,65
17585.0,28
17591.0,99
17593.0,26
17596.0,60
17602.0,103
17604.0,27
17609.0,100
17611.0,193
17616.0,1
17618.0,53
17619.0,77
17621.0,15
17629.0,12
17633.0,1
17634.0,74
17643.0,8
17644.0,1
17646.0,9
17655.0,11
17659.0,17
17671.0,17
17672.0,41
17673.0,44
17674.0,11
17675.0,61
17676.0,15
17677.0,44
17682.0,18
17685.0,41
17690.0,76
17691.0,19
17692.0,25
17696.0,8
17700.0,3
17702.0,5
17706.0,28
17707.0,3
17708.0,26
17714.0,10
17720.0,1
17722.0,80
17730.0,18
17732.0,18
17735.0,57
17739.0,12
17742.0,13
17744.0,51
17752.0,1
17757.0,123
17760.0,9
17769.0,34
17771.0,22
17786.0,28
17787.0,79
17790.0,24
17796.0,78
17799.0,119
17800.0,12
17802.0,12
17809.0,15
17811.0,121
17812.0,33
17816.0,10
17819.0,14
17820.0,3
17827.0,112
17838.0,43
17841.0,572
17848.0,13
17849.0,8
17850.0,297
17855.0,17
17857.0,5
17858.0,35
17860.0,58
17861.0,8
17862.0,11
17863.0,48
17865.0,42
17869.0,16
17870.0,1
17873.0,9
17880.0,26
17884.0,93
17888.0,18
17889.0,12
17890.0,94
17894.0,115
17897.0,73
17905.0,28
17908.0,58
17912.0,40
17913.0,31
17917.0,29
17920.0,105
17924.0,5
17925.0,1
17929.0,2
17937.0,18
17949.0,2
17950.0,40
17951.0,10
17954.0,84
17961.0,81
17964.0,35
17965.0,92
17967.0,48
17968.0,85
17969.0,7
17975.0,89
17976.0,65
17978.0,12
17980.0,15
17988.0,13
17990.0,12
17999.0,38
18004.0,40
18008.0,12
18011.0,28
18016.0,40
18017.0,1
18032.0,5
18037.0,8
18041.0,163
18043.0,66
18044.0,6
18050.0,5
18055.0,96
18061.0,11
18062.0,5
18065.0,22
18069.0,77
18071.0,14
18074.0,13
18075.0,36
18077.0,63
18085.0,29
18092.0,21
18095.0,21
18097.0,16
18102.0,18
18106.0,39
18109.0,72
18113.0,1
18116.0,155
18118.0,250
18119.0,30
18125.0,83
18136.0,18
18141.0,1
18144.0,10
18145.0,42
18156.0,55
18161.0,15
18168.0,44
18171.0,15
18176.0,33
18178.0,35
18179.0,35
18190.0,10
18193.0,1
18198.0,27
18202.0,23
18212.0,43
18219.0,24
18223.0,60
18225.0,3
18226.0,22
18229.0,17
18230.0,2
18233.0,1
18239.0,52
18245.0,55
18250.0,21
18256.0,4
18259.0,7
18260.0,40
18269.0,8
18277.0,1
18283.0,102
